01010007
01011006
01011013
01012315
01012384
01012390
01012427
01012428
01012429
01012430
01012431
01012432
01012433
01012434
01012435
01012436
01012472
01012474
01012486
01012487
01012488
01012501
01012589
01012608
01012619
01012634
01012642
01012657
01012715
01012731
01012805
01022048
01022121
01022249
01022250
01022257
01022262
01022266
01022269
01022311
01022319
01022328
01032175
01032262
01032264
01032327
01032329
01032331
01032344
01032345
01032346
01032347
01000045
01000046
01000051
01000092
01001068
01001069
01001077
01001090
01001103
01001152
01002568
01002667
01002831
01002834
01002835
01002836
01002876
01002887
01002889
01002890
01002891
01003103
01003170
01003238
01003362
01003404
01003416
01003461
01003482
01003483
01003484
01003485
01003486
01003487
01003489
01003490
01003517
01003518
01003531
01003559
01003560
01003643
01003654
01003655
01003666
01003667
01003713
01003730
01003749
01003750
01003776
01003778
01003825
01003848
01003849
01003850
01003851
01003852
01003889
01003936
01003937
01003941
01003942
01004040
01004041
01004042
01004043
01004044
01004109
01004140
01004141
01004142
01004143
01004144
01004145
01004146
01004147
01004148
01004171
01004254
01004313
01004314
01004315
01004316
01004317
01004318
01004319
01004320
01004321
01004336
01004337
01004338
01004341
01004417
01004419
01004463
01004526
01004532
01004559
01004560
01004561
01004562
01004563
01004603
01004609
01004642
01004712
01004713
01004718
01004720
01004721
01004722
01004758
01004759
01004788
01004789
01004791
01004792
01004799
01004800
01004801
01004802
01004803
01004804
01004805
01004806
01004807
01004823
01004825
01004826
01004827
01004828
01004829
01004830
01004831
01004832
01004835
01004841
01004843
01004844
01004858
01004874
01004942
01004946
01004968
01004982
01004985
01004996
01005006
01005007
01005008
01005009
01005010
01005011
01005012
01005027
01005077
01005085
01005098
01005099
01005114
01005115
01005121
01005124
01005127
01005155
01005156
01005157
01005178
01005221
01005222
01005299
01005301
01005318
01005358
01005380
01005381
01005392
01005486
01005534
01005548
01005549
01005551
01005560
01005561
01005576
01005577
01005650
01005701
01005729
01005737
01005738
01005804
01005806
01005807
01005808
01005809
01005810
01005861
01005881
01005882
01005936
01005976
01006016
01006083
01006133
01006146
01006247
01006293
01006440
01006486
01006492
01006526
01006528
01102270
01102271
01102296
01102301
01102318
01102343
01102344
01102356
01102367
01102376
01102377
01102378
01102380
01102385
01102386
01102392
01102396
01102420
01102423
01102424
01102425
01102426
01102427
01102428
01102429
01102430
01102431
01102432
01102433
01102434
01102435
01102436
01102437
01102438
01102450
01102451
01102452
01102453
01102461
01102466
01102487
01102491
01102503
01102510
01102511
01102512
01102513
01102532
01102537
01102546
01102547
01102548
01102550
01102551
01102554
01102555
01102572
01102575
01102576
01102587
01102588
01102589
01102608
01102609
01102610
01102611
01102613
01102614
01102616
01102617
01102619
01102620
01102621
01102624
01102629
01102630
01102643
01102644
01102658
01102667
01102669
01102697
01102698
01102699
01102700
01102702
01102703
01102704
01102706
01102709
01102712
01102723
01102724
01102729
01102730
01102747
01102758
01102766
01102768
01102769
01102772
01102773
01102774
01102779
01102798
01102809
01102811
01102812
01102816
01102818
01102822
01102823
01102824
01102830
01102831
01102832
01102836
01102837
01102839
01102841
01102843
01102844
01102845
01102847
01102848
01102849
01102857
01102858
01102859
01102860
01102861
01102863
01102864
01102865
01102869
01102870
01102872
01102873
01102874
01102875
01102876
01102877
01102900
01102901
01102902
01102903
01102904
01102905
01102907
01102908
01102910
01102912
01102913
01102914
01102915
01102918
01102920
01102928
01102929
01102930
01102932
01102933
01102935
01102936
01102937
01102938
01102939
01102945
01102946
01102947
01102948
01102949
01102950
01102951
01102952
01102953
01102954
01102955
01102956
01102957
01102959
01102960
01102961
01102964
01102965
01102968
01102969
01102970
01102971
01102972
01102974
01102976
01102977
01102978
01102980
01102981
01102982
01102987
01102988
01102989
01102999
01103000
01103002
01103003
01103008
01103009
01103010
01103011
01103012
01103013
01103018
01103019
01103020
01103021
01103022
01103023
01103024
01103026
01103027
01103028
01103029
01103031
01103033
01103034
01103035
01103036
01103037
01103041
01103050
01103053
01103054
01103055
01103056
01103060
01103061
01103065
01103066
01103069
01103070
01103071
01103072
01103074
01103079
01103081
01103082
01103083
01103084
01103085
01103087
01103093
01103094
01103095
01103096
01103097
01103100
01103101
01103102
01103106
01103107
01103110
01103111
01103112
01103115
01103117
01103118
01103126
01103127
01103128
01103129
01103130
01103133
01103138
01103139
01103140
01103141
01103144
01103147
01103148
01103150
01103151
01103152
01103153
01103154
01103155
01103157
01103168
01103170
01103171
01103172
01103173
01103174
01103175
01103177
01103178
01103179
01103184
01103185
01103186
01103187
01103188
01103189
01103190
01103194
01103195
01103196
01103197
01103198
01103199
01103202
01103203
01103206
01103207
01103212
01103213
01103214
01103215
01103219
01103220
01103221
01103222
01103223
01103224
01103225
01103226
01103227
01103228
01103230
01103231
01103232
01103233
01103235
01103236
01103238
01103239
01103240
01103243
01103244
01103245
01103246
01103248
01103249
01103251
01103252
01103254
01103257
01103259
01103260
01103262
01103263
01103264
01103266
01103271
01103272
01103273
01103277
01103278
01103279
01103280
01103281
01103283
01103284
01103285
01103286
01103287
01103293
01103295
01103296
01103298
01103299
01103301
01103302
01103304
01103305
01103306
01103314
01103319
01103325
01103330
01103331
01103335
01103337
01103338
01103339
01103340
01103345
01103346
01103347
01103349
01103350
01103351
01103354
01103356
01103357
01103358
01103359
01103360
01103361
01103367
01103368
01103369
01103370
01103374
01103375
01103376
01103379
01103381
01103383
01103384
01103385
01103388
01103389
01103390
01103393
01103394
01103395
01103396
01103397
01103399
01103400
01103401
01103402
01103403
01103404
01103405
01103407
01103409
01103410
01103413
01103414
01103416
01103417
01103419
01103420
01103421
01103422
01103423
01103424
01103425
01103426
01103428
01103429
01103430
01103438
01103440
01103441
01103442
01103443
01103444
01103445
01103448
01103450
01103454
01103456
01103457
01103458
01103459
01103460
01103462
01103463
01103469
01103471
01103473
01103475
01103476
01103477
01103478
01103479
01103480
01103482
01103483
01103485
01103486
01103487
01103491
01103496
01103497
01103498
01103499
01103500
01103502
01103503
01103505
01103506
01103507
01103508
01103509
01103510
01103511
01103512
01103513
01103515
01103516
01103517
01103518
01103519
01103520
01103521
01103522
01103524
01103525
01103526
01103527
01103529
01103535
01103536
01103537
01103538
01103539
01103541
01103542
01103543
01103544
01103547
01103550
01103552
01103555
01103557
01103558
01103559
01103560
01103561
01103562
01103564
01103565
01103566
01103567
01103568
01103569
01103571
01103572
01103573
01103574
01103579
01103581
01103583
01103584
01103586
01103587
01103589
01103590
01103591
01103592
01103593
01103594
01103595
01103598
01103599
01103601
01103608
01103611
01103613
01103615
01103617
01103618
01103620
01103621
01103622
01103623
01103627
01103628
01103629
01103630
01103641
01103643
01103644
01103645
01103646
01103649
01103650
01103651
01103652
01103653
01103654
01103655
01103656
01103658
01103659
01103660
01103661
01103664
01103665
01103666
01103668
01103669
01103670
01103671
01103672
01103673
01103676
01103677
01103678
01103681
01103683
01103684
01103685
01103689
01103693
01103694
01103695
01103696
01103703
01103704
01103706
01103707
01103709
01103710
01103711
01103712
01103713
01103716
01103717
01103718
01103720
01103722
01103723
01103724
01103730
01103733
01103734
01103737
01103738
01103744
01103745
01103746
01103747
01103748
01103749
01103750
01103764
01103804
01042206
01042207
01042343
01042361
01050220
01050221
01050228
01050235
01050246
01050255
01050360
01050469
01050633
01050702
01051231
01051270
01051271
01051279
01051285
01051301
01051311
01051312
01051332
01051333
01051345
01051425
01051430
01051508
01051536
01051538
01051775
01052367
01052368
01052372
01052373
01052408
01052418
01052419
01052425
01052426
01052435
01052442
01052443
01052474
01052531
01052550
01052551
01052552
01052554
01052574
01052575
01052585
01052587
01052601
01052901
01052902
01052955
01052956
01052957
01052958
01052959
01052960
01052998
01053016
01053022
01053023
01053024
01053025
01053048
01053054
01053056
01053057
01053058
01053059
01053060
01053061
01053082
01053083
01053085
01053086
01053087
01053088
01053089
01053090
01053091
01053092
01053168
01053169
01053170
01053171
01053172
01053173
01053174
01053175
01053176
01053306
01053900
01082407
01082408
01082493
01082495
01082501
01082694
01082702
01082789
01071048
01071089
01072609
01072627
01072628
01072632
01072646
01072676
01072680
01072681
01072742
01072750
01072772
01072773
01072778
01072816
01073132
01073133
01073134
01073135
01073151
01073153
01073154
01073155
01073156
01073157
01073167
01073168
01073308
01073479
01073716
01073752
01061210
01062133
01062134
01062235
01062236