5000000, 5000001, 5000002, 5000003, 5000004, 5000005, 5000006, 5000007, 5000008, 5000009, 5000010, 5000011, 5000012, 5000013, 5000014,
5000015, 5000017, 5000018, 5000020, 5000021, 5000022, 5000023, 5000024, 5000025, 5000026, 5000028, 5000029, 5000030, 5000031, 5000032,
5000033, 5000034, 5000036, 5000037, 5000039, 5000041, 5000042, 5000044, 5000045, 5000047, 5000048, 5000049, 5000050, 5000051, 5000052,
5000053, 5000054, 5000055, 5000058, 5000060, 5000066, 5000100, 5000101, 5000102, 5000103, 5000114, 5000155, 5000156, 5000161, 5000162,
5000163, 5000168, 5000170, 5000171, 5000198, 5000199, 5000300, 5000301, 5000302, 5000303, 5000304, 5000305, 5000306, 5000307, 5000308,
5000314, 5000337, 5000341, 5000342, 5000343, 5000344, 5000352, 5000353, 5000354, 5000365, 5000366, 5000367, 5000368, 5000369, 5000370,
5000371, 5000375, 5000376, 5000377, 5000381, 5000382, 5000383, 5000384, 5000385, 5000386, 5000387, 5000402, 5000403, 5000404, 5000405,
5000406, 5000407, 5000408, 5000409, 5000414, 5000415, 5000416, 5000417, 5000424, 5000428, 5000429, 5000430, 5000431, 5000432, 5000433,
5000434, 5000435, 5000437, 5000442, 5000443, 5000444, 5000445, 5000446, 5000447, 5000448, 5000449, 5000452, 5000456, 5000457, 5000458,
5000459, 5000460, 5000461, 5000462, 5000463, 5000465, 5000466, 5000468, 5000469, 5000470, 5000471, 5000473, 5000474, 5000475, 5000476,
5000479, 5000480, 5000482, 5000483, 5000484, 5000485, 5000486, 5000490, 5000491, 5000492, 5000493, 5000494, 5000495, 5000496, 5000497,
5000498, 5000499, 5000501, 5000502, 5000503, 5000505, 5000510, 5000514, 5000515, 5000516, 5000517, 5000518, 5000519, 5000520, 5000521,
5000524, 5000525, 5000526, 5000527, 5000528, 5000529, 5000530, 5000531, 5000532, 5000533, 5000534, 5000535, 5000536, 5000537, 5000538,
5000545, 5000554, 5000555, 5000556, 5000557, 5000558, 5000559, 5000563, 5000568, 5000569, 5000570, 5000571, 5000572, 5000573, 5000574,
5000575, 5000576, 5000577, 5000578, 5000580, 5000581, 5000582, 5000585, 5000586, 5000587, 5000588, 5000589, 5000590, 5000600, 5000601,
5000602, 5000605, 5000606, 5000607, 5000608, 5000609, 5000610, 5000611, 5000612, 5000617, 5000618, 5000626, 5000627, 5000628, 5000631,
5000632, 5000636, 5000637, 5000638, 5000639, 5000647, 5000648, 5000649, 5000650, 5000651, 5000652, 5001000, 5001001, 5001002, 5001003,
5001004, 5001005, 5001006, 5001007, 5001008, 5001009, 5001010, 5001011, 5002162, 5002278